,3年以内離職率
0,0.14583333333333334
1,0.06896551724137931
5,0.0
6,0.05357142857142857
7,0.8
8,0.1111111111111111
10,0.2
11,0.14285714285714285
12,0.1794871794871795
13,0.6363636363636364
14,0.14035087719298245
18,0.1958762886597938
19,0.15517241379310345
20,0.19230769230769232
21,0.1326530612244898
24,0.13592233009708737
25,0.23076923076923078
26,0.20300751879699247
28,0.20641711229946524
29,0.05
30,0.27906976744186046
31,0.3524804177545692
32,0.08366533864541832
34,0.12962962962962962
37,0.10472279260780287
38,0.13
39,0.038461538461538464
40,0.2
41,0.25
43,0.09803921568627451
44,0.03319502074688797
45,0.125
46,0.09174311926605505
49,0.125
50,0.16666666666666666
52,0.16842105263157894
53,0.0718954248366013
54,0.09848484848484848
55,0.24757281553398058
58,0.136986301369863
63,0.15254237288135594
67,0.17647058823529413
68,0.1724137931034483
70,0.14563106796116504
72,0.24242424242424243
74,0.07407407407407407
75,0.2
77,0.15217391304347827
83,0.09473684210526316
87,0.2
88,0.12844036697247707
90,0.0
91,0.12121212121212122
93,0.03278688524590164
94,0.11627906976744186
95,0.125
96,0.15
97,0.2222222222222222
98,0.16279069767441862
99,0.6785714285714286
100,0.32
101,0.09345794392523364
102,0.07586206896551724
103,0.1951219512195122
104,0.17777777777777778
105,0.1111111111111111
106,0.0625
110,0.09090909090909091
111,0.24390243902439024
113,0.14634146341463414
117,0.0
118,0.07526881720430108
119,0.1875
120,0.17391304347826086
123,0.06666666666666667
124,0.12857142857142856
125,0.18
126,0.14606741573033707
131,0.038461538461538464
132,0.25769230769230766
133,0.053763440860215055
134,0.10204081632653061
135,0.03125
137,0.20833333333333334
138,0.16666666666666666
139,0.019230769230769232
141,0.2222222222222222
144,0.3333333333333333
145,0.059880239520958084
146,0.05
147,0.07975460122699386
152,0.1
153,0.13861386138613863
154,0.42857142857142855
155,0.08270676691729323
156,0.05
158,0.18604651162790697
159,0.23529411764705882
160,0.13157894736842105
162,0.20930232558139536
166,0.047619047619047616
167,0.10526315789473684
170,0.16129032258064516
171,0.19047619047619047
175,0.28846153846153844
176,0.11764705882352941
180,0.14864864864864866
182,0.16666666666666666
183,0.17073170731707318
184,0.29411764705882354
186,0.0
188,0.23076923076923078
190,0.16666666666666666
191,0.06315789473684211
192,0.06382978723404255
194,0.2692307692307692
195,0.044444444444444446
197,0.09803921568627451
199,0.07142857142857142
200,0.07142857142857142
202,0.10714285714285714
205,0.2564102564102564
208,0.08974358974358974
210,0.0
211,0.23529411764705882
212,0.05084745762711865
214,0.0784313725490196
216,0.2
217,0.13333333333333333
218,0.28125
219,0.027906976744186046
225,0.0
226,0.037037037037037035
227,0.14
231,0.11409395973154363
232,0.0
234,0.064
236,0.05303030303030303
237,0.09230769230769231
238,0.1724137931034483
239,0.034482758620689655
240,0.12121212121212122
241,0.07462686567164178
242,0.09615384615384616
243,0.040697674418604654
244,0.05454545454545454
246,0.05660377358490566
247,0.0
249,0.045454545454545456
254,0.046357615894039736
256,0.10746268656716418
260,0.041666666666666664
263,0.0
267,0.09523809523809523
269,0.0
270,0.0975609756097561
271,0.0
272,0.25
273,1.0
274,0.13725490196078433
276,0.07142857142857142
277,0.1262135922330097
278,0.175
279,0.05555555555555555
281,0.041666666666666664
286,0.19047619047619047
288,0.0821917808219178
293,0.1984732824427481
295,0.046511627906976744
297,0.07142857142857142
299,0.5
302,0.18518518518518517
303,0.07692307692307693
304,0.5
305,0.05
306,0.06896551724137931
308,0.2857142857142857
310,0.06349206349206349
311,0.08791208791208792
313,0.11764705882352941
315,0.2962962962962963
319,0.034482758620689655
320,0.03787878787878788
322,0.060109289617486336
325,0.03488372093023256
327,0.08333333333333333
329,0.03636363636363636
330,0.11940298507462686
332,0.06
334,0.047619047619047616
335,0.0
338,0.0
343,0.1864406779661017
344,0.16521739130434782
345,0.0
348,0.056
350,0.04838709677419355
353,0.0
354,0.0
356,0.17142857142857143
357,0.06060606060606061
358,0.125
359,0.13612565445026178
360,0.0
364,0.2127659574468085
367,0.2916666666666667
368,0.06993006993006994
369,0.10810810810810811
370,0.2692307692307692
371,0.16666666666666666
372,0.038461538461538464
374,0.07608695652173914
376,0.09090909090909091
379,0.05555555555555555
380,0.05
381,0.07801418439716312
382,0.07926829268292683
384,0.15979381443298968
388,0.17647058823529413
392,0.05555555555555555
395,0.7924528301886793
397,0.21052631578947367
398,0.11428571428571428
401,1.0
404,0.06666666666666667
407,0.15789473684210525
408,0.07598784194528875
409,0.10909090909090909
410,0.15873015873015872
411,0.08928571428571429
412,0.04666666666666667
413,0.1111111111111111
414,0.17647058823529413
415,0.10752688172043011
417,0.125
418,0.20754716981132076
420,0.16666666666666666
422,0.2765957446808511
428,0.15
432,0.1450381679389313
437,0.10362694300518134
438,0.07142857142857142
442,0.09433962264150944
444,0.0
446,0.20833333333333334
447,0.25
452,0.0847457627118644
454,0.14730878186968838
458,0.1276595744680851
466,0.11764705882352941
468,0.1044776119402985
470,0.15384615384615385
473,0.1875
475,0.14285714285714285
480,0.0
481,0.08333333333333333
482,0.02702702702702703
489,0.0967741935483871
492,0.10067114093959731
495,0.15126050420168066
498,0.04878048780487805
500,0.06956521739130435
503,0.08333333333333333
505,0.058823529411764705
509,0.10655737704918032
511,0.5
512,0.18518518518518517
513,0.21153846153846154
514,0.30434782608695654
518,0.07042253521126761
519,0.1875
525,0.0
526,0.13095238095238096
528,0.07692307692307693
529,0.03333333333333333
530,0.07751937984496124
531,0.25
532,0.09868421052631579
533,0.1111111111111111
534,0.20512820512820512
535,0.03559870550161812
536,0.0989010989010989
537,0.11952191235059761
538,0.21428571428571427
539,0.0392156862745098
540,0.034482758620689655
544,0.18181818181818182
547,0.0
548,0.0
549,0.08333333333333333
553,0.06666666666666667
557,0.10344827586206896
558,0.1134020618556701
559,0.11570247933884298
561,0.10526315789473684
562,0.10309278350515463
564,0.15714285714285714
566,0.08904109589041095
568,0.018867924528301886
570,0.16129032258064516
571,0.27586206896551724
573,0.09090909090909091
574,0.057971014492753624
579,0.25
580,0.15
581,0.14545454545454545
582,0.15151515151515152
583,0.10869565217391304
586,0.11578947368421053
588,0.06043956043956044
590,0.08333333333333333
593,0.09722222222222222
595,0.02710843373493976
598,0.1
599,0.05714285714285714
601,0.06818181818181818
602,0.22727272727272727
604,0.07194244604316546
607,0.0
608,0.07317073170731707
617,0.057971014492753624
619,0.1793103448275862
623,0.1076923076923077
624,0.14285714285714285
625,0.08695652173913043
626,0.1276595744680851
628,0.013157894736842105
629,0.2222222222222222
631,0.027777777777777776
632,0.045454545454545456
635,0.15873015873015872
636,0.42857142857142855
637,0.16666666666666666
639,0.13636363636363635
640,0.25
642,0.05555555555555555
644,0.07123287671232877
645,0.0
647,0.21428571428571427
649,0.034482758620689655
652,0.2727272727272727
653,0.18181818181818182
654,0.14583333333333334
657,0.05
659,0.2
660,0.14285714285714285
661,0.1485148514851485
662,0.0
667,0.0
668,0.0
673,0.07407407407407407
674,0.0611353711790393
675,0.05714285714285714
677,0.0
678,0.06796116504854369
679,0.04519774011299435
681,0.015151515151515152
682,0.06930693069306931
683,0.09259259259259259
685,0.07317073170731707
686,0.18518518518518517
687,0.05
689,0.06896551724137931
690,0.25
694,0.06535947712418301
695,0.14705882352941177
697,0.22176591375770022
701,0.14285714285714285
702,0.08074534161490683
703,0.06382978723404255
704,0.1875
705,0.07871198568872988
706,0.18095238095238095
707,0.2647058823529412
712,0.05555555555555555
713,0.1891891891891892
715,0.1111111111111111
719,0.14492753623188406
720,0.03816793893129771
722,0.06761006289308176
725,0.09649122807017543
726,0.22916666666666666
728,0.032432432432432434
730,0.059251559251559255
732,0.05167173252279635
733,0.1724137931034483
734,0.04
736,0.19230769230769232
739,0.16666666666666666
741,0.12
744,0.3113207547169811
745,0.07211538461538461
746,0.1184593023255814
748,0.05442176870748299
749,0.14423076923076922
751,0.2
754,0.03389830508474576
755,0.03125
756,0.16666666666666666
758,0.17307692307692307
759,0.18181818181818182
760,0.03636363636363636
761,0.28
762,0.05612244897959184
763,0.1
765,0.0
766,0.05263157894736842
769,0.07166123778501629
770,0.07142857142857142
779,0.3
780,0.1111111111111111
782,0.2033898305084746
788,0.2463768115942029
789,0.30434782608695654
790,0.14473684210526316
793,0.04918032786885246
794,0.07142857142857142
798,0.0
801,0.06666666666666667
804,0.11428571428571428
808,0.2857142857142857
812,0.27419354838709675
814,0.10619469026548672
817,0.13414634146341464
818,0.0967741935483871
820,0.36363636363636365
821,0.1111111111111111
824,0.048109965635738834
830,0.07142857142857142
836,0.0
839,0.0
840,0.1787709497206704
844,0.12041884816753927
849,0.06646525679758308
852,0.3357271095152603
855,0.14761904761904762
858,0.125
861,0.5116279069767442
862,0.07894736842105263
865,0.2859195402298851
869,0.23357664233576642
872,0.15217391304347827
873,0.48484848484848486
876,0.0
877,0.0625
878,0.0
879,0.07692307692307693
881,0.20689655172413793
882,0.12299465240641712
883,0.0
886,0.22
887,0.0
891,0.0425531914893617
892,0.19047619047619047
893,0.18292682926829268
900,0.0761904761904762
901,0.24375
903,0.08955223880597014
904,0.07142857142857142
906,0.06944444444444445
910,0.075
911,0.08928571428571429
915,0.22972972972972974
921,0.08695652173913043
922,0.05128205128205128
926,0.1323529411764706
935,0.2840909090909091
954,0.14814814814814814
956,0.0625
959,0.3364485981308411
964,0.215
974,0.2857142857142857
975,0.27167630057803466
976,0.18181818181818182
979,0.25
982,0.35585585585585583
984,0.14285714285714285
988,0.23684210526315788
991,0.25806451612903225
998,0.0
1001,0.05
1003,0.23076923076923078
1005,0.11428571428571428
1007,0.10344827586206896
1014,0.2727272727272727
1015,0.47368421052631576
1016,0.23376623376623376
1017,0.34782608695652173
1018,0.19230769230769232
1021,0.14553990610328638
1023,0.02575107296137339
1024,0.0
1028,0.0430622009569378
1030,0.2564102564102564
1033,0.17525773195876287
1037,0.041811846689895474
1040,0.1
1041,0.39655172413793105
1043,0.391304347826087
1046,0.16666666666666666
1051,0.16030534351145037
1054,0.1
1058,0.12857142857142856
1060,0.0
1061,0.2
1062,0.4074074074074074
1063,0.07692307692307693
1065,0.1111111111111111
1070,0.24193548387096775
1076,0.22727272727272727
1077,0.1111111111111111
1080,0.07894736842105263
1082,0.5
1086,0.2558139534883721
1088,0.058333333333333334
1091,0.2222222222222222
1095,0.018518518518518517
1097,0.24742268041237114
1099,0.04678362573099415
1102,0.0379746835443038
1104,0.18
1109,0.06818181818181818
1111,0.078125
1112,0.16
1114,0.175
1115,0.0
1116,0.10344827586206896
1117,1.0
1120,0.1111111111111111
1122,0.0364963503649635
1123,0.041666666666666664
1125,0.16
1127,0.1076923076923077
1130,0.09090909090909091
1131,0.3333333333333333
1132,0.05555555555555555
1138,0.2
1141,0.48
1144,0.16666666666666666
1149,0.25
1151,0.2457627118644068
1152,0.296875
1155,0.15
1158,0.0
1166,0.32
1167,0.14705882352941177
1168,0.21428571428571427
1171,0.08108108108108109
1175,0.2
1178,0.5454545454545454
1182,0.0
1184,0.2222222222222222
1191,0.07142857142857142
1196,0.08333333333333333
1197,0.23076923076923078
1198,0.35
1201,0.39037433155080214
1203,0.0
1205,0.36619718309859156
1206,0.2894736842105263
1208,0.5
1211,0.30357142857142855
1214,0.20434782608695654
1215,0.11688311688311688
1216,0.75
1217,0.125
1218,0.375
1221,0.6785714285714286
1224,0.18716577540106952
1226,0.42857142857142855
1228,0.3004484304932735
1229,0.5263157894736842
1230,0.40229885057471265
1231,0.16666666666666666
1234,0.5348837209302325
1256,1.0
1257,0.4166666666666667
1258,0.5454545454545454
1262,0.6898395721925134
1265,0.2228637413394919
1268,0.375609756097561
1273,0.3291139240506329
1293,0.3025936599423631
1295,0.16666666666666666
1298,0.14035087719298245
1299,0.18545454545454546
1301,0.3333333333333333
1302,0.21910112359550563
1304,0.27835051546391754
1307,0.3177570093457944
1308,0.3125
1310,0.23376623376623376
1311,0.2702702702702703
1313,0.16666666666666666
1316,0.2857142857142857
1321,0.15555555555555556
1334,0.2
1341,0.2413793103448276
1351,0.1986754966887417
1352,0.3474576271186441
1354,0.18478260869565216
1355,0.11666666666666667
1356,0.12577833125778332
1362,0.26666666666666666
1365,0.1945945945945946
1369,0.16981132075471697
1370,0.14807162534435261
1374,0.12903225806451613
1375,0.22152886115444617
1377,0.3080168776371308
1380,0.4444444444444444
1387,0.3793103448275862
1388,0.3225806451612903
1389,0.4
1393,0.10069444444444445
1395,0.060411311053984576
1402,0.17346938775510204
1403,0.13582089552238805
1404,0.15818759936406995
1405,0.05714285714285714
1407,0.041666666666666664
1412,0.125
1413,0.3181818181818182
1414,0.2857142857142857
1415,0.1807909604519774
1416,0.04411764705882353
1417,0.27601809954751133
1418,0.5
1419,0.21904761904761905
1421,0.26548672566371684
1422,0.0625
1423,0.0
1424,0.0625
1428,0.36363636363636365
1437,0.4205298013245033
1446,0.16666666666666666
1450,0.5714285714285714
1459,0.14545454545454545
1467,0.6
1476,0.07407407407407407
1481,0.13157894736842105
1490,0.06206896551724138
1492,0.24074074074074073
1493,0.024390243902439025
1495,0.0
1498,0.5454545454545454
1512,0.1875
1514,0.43162393162393164
1516,0.0
1523,0.06896551724137931
1524,0.12987012987012986
1529,0.16326530612244897
1532,0.18181818181818182
1535,0.23626373626373626
1545,0.3293233082706767
1549,0.36486486486486486
1552,0.0
1554,0.125
1556,0.3333333333333333
1561,0.0
1562,0.2631578947368421
1566,0.2
1576,0.5185185185185185
1581,0.5806451612903226
1586,0.1111111111111111
1589,0.11764705882352941
1594,0.5
1601,0.7647058823529411
1604,0.3870967741935484
1606,0.23809523809523808
1608,0.1896551724137931
1616,0.5736434108527132
1617,0.3983739837398374
1620,0.4090909090909091
1621,0.2777777777777778
1627,0.4047058823529412
1628,0.0
